1 308 257 370 323 326 304 268 334 
2 334 370 349 383 326 
3 211 
4 211 334 370 349 171 383 350 419 
5 211 349 395 350 
6 308 323 326 268 257 304 334 324 
7 49 384 421 406 
8 339 358 61 155 
9 358 339 269 61 
10 358 
11 198 
12 358 155 61 156 269 242 339 
13 185 
14 269 316 279 
15 422 118 164 94 128 
16 185 
17 303 358 156 61 
18 356 247 418 
19 195 344 267 100 159 99 10 
20 351 159 387 
21 318 
22 356 50 347 
23 423 358 314 
24 318 
25 121 342 246 
26 102 266 307 
27 151 306 111 
28 150 325 189 
29 192 341 329 158 
30 271 253 261 
31 316 266 300 
32 279 
33 251 
34 294 
35 318 
36 217 
37 378 401 367 
38 174 48 202 
39 360 277 189 173 265 
40 272 
41 47 54 
42 47 
43 341 
44 295 102 306 
45 229 261 32 
46 47 202 54 151 23 53 69 
47 174 48 47 
48 216 420 306 
49 183 56 205 103 
50 157 402 364 
51 276 279 186 
52 186 276 279 
53 295 
54 295 315 306 38 
55 89 1 157 
56 145 382 418 
57 295 306 
58 1 157 89 135 
59 79 
60 295 306 315 38 
61 1 
62 233 
63 121 159 115 139 309 210 100 86 
64 322 328 
65 342 
66 115 210 70 
67 7 184 63 346 
68 46 420 31 
69 377 386 121 70 159 115 309 
70 226 264 140 
71 117 
72 305 331 
73 209 43 320 37 
74 285 34 25 67 5 41 356 50 
75 388 240 142 
76 230 338 227 
77 14 107 338 
78 258 241 408 107 
79 209 43 320 
80 296 68 382 
81 378 289 307 
82 343 296 307 
83 315 363 275 
