1 0.75 0.8571428571428571
2 0.4 1.0
3 0.0 0.0
4 0.125 0.2
5 0.0 0.0
6 1.0 0.8888888888888888
7 0.0 0.0
8 0.5 1.0
9 1.0 0.5
10 1.0 0.16666666666666666
11 1.0 0.5
12 1.0 1.0
13 1.0 0.3333333333333333
14 0.3333333333333333 1.0
15 0.8 0.8
16 0.0 0.0
17 0.5 1.0
18 0.3333333333333333 1.0
19 0.7142857142857143 1.0
20 0.0 0.0
21 1.0 0.5
22 0.3333333333333333 0.5
23 0.0 0.0
24 1.0 1.0
25 0.3333333333333333 1.0
26 0.0 0.0
27 0.3333333333333333 0.3333333333333333
28 0.3333333333333333 0.2
29 0.5 1.0
30 1.0 0.6
31 0.0 0.0
32 1.0 1.0
33 1.0 0.5
34 1.0 1.0
35 1.0 1.0
36 1.0 1.0
37 0.0 0.0
38 0.0 0.0
39 1.0 0.5555555555555556
40 1.0 0.1111111111111111
41 1.0 0.3333333333333333
42 0.0 0.0
43 1.0 0.5
44 0.3333333333333333 0.5
45 0.0 0.0
46 0.8571428571428571 0.3333333333333333
47 0.6666666666666666 0.3333333333333333
48 0.3333333333333333 1.0
49 1.0 0.5
50 0.3333333333333333 1.0
51 0.6666666666666666 0.6666666666666666
52 0.3333333333333333 0.5
53 1.0 0.5
54 0.25 0.5
55 1.0 0.25
56 0.0 0.0
57 0.5 0.5
58 1.0 0.5
59 1.0 0.5
60 0.25 0.5
61 1.0 0.06666666666666667
62 1.0 1.0
63 0.75 0.5454545454545454
64 1.0 1.0
65 1.0 1.0
66 0.3333333333333333 0.5
67 0.75 1.0
68 0.6666666666666666 0.2222222222222222
69 0.7142857142857143 0.38461538461538464
70 0.3333333333333333 1.0
71 1.0 0.3333333333333333
72 0.0 0.0
73 0.25 1.0
74 0.25 1.0
75 0.0 0.0
76 1.0 0.6
77 0.0 0.0
78 0.25 0.5
79 0.3333333333333333 1.0
80 0.3333333333333333 0.058823529411764705
81 0.0 0.0
82 0.6666666666666666 0.4
83 0.3333333333333333 0.5
Mean Precision: 0.5515347102696502
Mean Recall: 0.5129375192096667